      0/99     7.91G   0.01219  0.007789         0   0.01997        29       640     0.985    0.9924    0.9965    0.9296   0.03446   0.06223         0
      1/99     10.7G   0.01235  0.007713         0   0.02006        29       640         1    0.9848    0.9965    0.9467   0.03386   0.06192         0
      2/99     10.7G   0.01194  0.006968         0    0.0189        19       640    0.9925         1    0.9967    0.9485   0.03334   0.06152         0
      3/99     10.7G   0.01266  0.007384         0   0.02005        42       640         1         1    0.9968    0.9157   0.03576   0.06229         0
      4/99     10.7G   0.01489  0.007895         0   0.02279        23       640         1         1    0.9968    0.9255   0.03413   0.06055         0
      5/99     10.7G   0.01373  0.007544         0   0.02127         6       640         1         1    0.9968    0.9297   0.03379    0.0613         0
      6/99     10.7G   0.01399  0.008025         0   0.02202        12       640         1         1    0.9968    0.9281   0.03387   0.05965         0
      7/99     10.7G   0.01348  0.008173         0   0.02165        14       640         1         1    0.9966    0.9159    0.0331   0.05989         0
      8/99     10.7G   0.01295  0.007819         0   0.02077        12       640    0.9925         1    0.9969    0.9137   0.03355   0.06067         0
      9/99     10.7G   0.01295  0.007567         0   0.02052        16       640         1         1    0.9967    0.9223   0.03422   0.05919         0
     10/99     10.7G   0.01316  0.008145         0   0.02131        60       640         1         1    0.9968    0.9137   0.03561   0.05884         0
     11/99     10.7G   0.01533  0.008154         0   0.02348        24       640         1         1    0.9969    0.9116   0.03356   0.05967         0
     12/99     10.7G   0.01527   0.00849         0   0.02376        37       640         1         1    0.9969    0.9252   0.03155   0.06151         0
     13/99     10.7G   0.01417  0.007855         0   0.02202        48       640    0.9925         1    0.9967     0.903   0.03374    0.0635         0
     14/99     10.7G   0.01379   0.00745         0   0.02124        25       640         1         1    0.9968     0.893   0.03309   0.05981         0
     15/99     10.7G   0.01433  0.008033         0   0.02236        37       640    0.9925         1    0.9967    0.8999   0.03358   0.05749         0
     16/99     10.7G   0.01402  0.007959         0   0.02198        24       640         1         1    0.9967    0.9043   0.03502    0.0577         0
     17/99     10.7G   0.01267  0.007685         0   0.02035        26       640    0.9925         1    0.9968    0.9192   0.03429   0.05916         0
     18/99     10.7G   0.01414  0.007951         0   0.02209        45       640         1    0.9924    0.9968    0.9154   0.03286   0.05982         0
     19/99     10.7G    0.0139  0.007687         0   0.02158        10       640         1         1    0.9967    0.8877   0.03295   0.05708         0
     20/99     10.7G   0.01426  0.007893         0   0.02215         7       640    0.9925         1    0.9967    0.8904   0.03063   0.05997         0
     21/99     10.7G   0.01424  0.007765         0     0.022        14       640    0.9925         1    0.9962    0.9028   0.03319   0.05642         0
     22/99     10.7G    0.0138   0.00809         0   0.02189        25       640         1    0.9924    0.9954    0.8891   0.03962   0.05256         0
     23/99     10.7G   0.01284  0.007968         0   0.02081         4       640         1    0.9999    0.9966    0.8897   0.03638   0.05274         0
     24/99     10.7G   0.01321  0.007933         0   0.02114        18       640         1         1    0.9967    0.8985    0.0341   0.05489         0
     25/99     10.7G    0.0131  0.008266         0   0.02137        31       640         1         1    0.9965    0.9145   0.03324   0.05798         0
     26/99     10.7G   0.01357  0.008379         0   0.02195        42       640    0.9925         1    0.9965    0.8818   0.03225    0.0613         0
     27/99     10.7G   0.01316  0.008101         0   0.02126        17       640    0.9925         1    0.9967    0.9065   0.03188   0.05843         0
     28/99     10.7G   0.01275   0.00806         0   0.02081        59       640         1         1    0.9965     0.909   0.03034   0.05893         0
     29/99     10.7G   0.01256  0.007968         0   0.02053        45       640         1         1    0.9966    0.8825   0.03207   0.05842         0
     30/99     10.7G   0.01288  0.008106         0   0.02098        55       640         1         1    0.9966    0.9069   0.03361    0.0606         0
     31/99     10.7G   0.01275  0.007805         0   0.02055        28       640    0.9925         1    0.9966    0.9157    0.0346    0.0614         0
     32/99     10.7G   0.01223  0.007893         0   0.02013        20       640    0.9925         1    0.9967    0.9038   0.03668   0.06116         0
     33/99     10.7G   0.01251  0.007539         0   0.02004        15       640         1         1    0.9969    0.9109    0.0356   0.05805         0
     34/99     10.7G   0.01181  0.007622         0   0.01943        23       640         1    0.9848    0.9891    0.8954   0.04147   0.05381         0
     35/99     10.7G   0.01194  0.007074         0   0.01901         7       640    0.9848    0.9848    0.9957    0.8884   0.04516   0.04979         0
     36/99     10.7G   0.01204  0.007473         0   0.01951         6       640    0.9925         1    0.9967    0.9077   0.03707   0.05579         0
     37/99     10.7G   0.01197  0.007102         0   0.01907        21       640    0.9989    0.9924    0.9966    0.8994   0.03508   0.05982         0
     38/99     10.7G    0.0122  0.007508         0   0.01971        38       640         1         1    0.9967    0.9155   0.03571   0.05678         0
     39/99     10.7G   0.01118  0.007395         0   0.01857        21       640         1         1    0.9969    0.9101   0.03418   0.05671         0
     40/99     10.7G   0.01131  0.007217         0   0.01853        19       640    0.9704    0.9923    0.9916    0.8833   0.03492   0.05983         0
     41/99     10.7G   0.01206  0.007369         0   0.01943        28       640    0.9846    0.9773    0.9952    0.8881   0.03641    0.0583         0
     42/99     10.7G   0.01142  0.007327         0   0.01875         9       640    0.9925         1    0.9961    0.9067   0.03315   0.05851         0
     43/99     10.7G   0.01152  0.006862         0   0.01839        10       640         1    0.9924    0.9967     0.913   0.03457   0.05786         0
     44/99     10.7G   0.01119  0.007505         0   0.01869        33       640         1         1    0.9968    0.9132   0.03291   0.05827         0
     45/99     10.7G   0.01118  0.006929         0   0.01811        31       640         1         1    0.9969    0.9101   0.03367   0.05801         0
     46/99     10.7G   0.01102  0.007104         0   0.01813        15       640         1         1    0.9968    0.9105   0.03358   0.05897         0
     47/99     10.7G   0.01107  0.007087         0   0.01816        16       640         1         1    0.9968    0.9037   0.03249   0.06082         0
     48/99     10.7G    0.0107   0.00683         0   0.01753        22       640         1         1    0.9967    0.9214   0.03233   0.06021         0
     49/99     10.7G   0.01098  0.006883         0   0.01787        29       640         1         1    0.9968    0.9094   0.03253    0.0599         0
     50/99     10.7G   0.01124  0.007221         0   0.01846        22       640         1         1    0.9967    0.9096   0.03424   0.05977         0
     51/99     10.7G   0.01132  0.006782         0    0.0181         1       640         1         1    0.9967    0.9048   0.03542   0.05925         0
     52/99     10.7G   0.01092  0.006462         0   0.01738        10       640         1         1    0.9967    0.9059    0.0363   0.06001         0
     53/99     10.7G   0.01114  0.006789         0   0.01793        32       640         1         1    0.9967    0.9198   0.03533   0.05991         0
     54/99     10.7G   0.01069  0.006858         0   0.01755        39       640    0.9924    0.9924    0.9962    0.9133   0.03571    0.0585         0
     55/99     10.7G   0.01055  0.006814         0   0.01736        16       640         1         1    0.9967    0.9131   0.03517   0.05836         0
     56/99     10.7G   0.01058  0.006638         0   0.01722        19       640         1         1    0.9968    0.9167   0.03185   0.06315         0
     57/99     10.7G   0.01022  0.006468         0   0.01668        14       640    0.9925         1    0.9967    0.9195   0.03186    0.0637         0
     58/99     10.7G   0.01034  0.006459         0    0.0168         4       640         1         1    0.9968     0.919   0.03243   0.06114         0
     59/99     10.7G   0.01049  0.006736         0   0.01723        12       640         1         1    0.9969    0.9221   0.03288   0.06035         0
     60/99     10.7G    0.0101  0.006833         0   0.01694        11       640         1         1    0.9969    0.9184   0.03276   0.06011         0
     61/99     10.7G   0.01007  0.006334         0    0.0164         7       640         1         1    0.9966    0.9112   0.03247   0.06119         0
     62/99     10.7G   0.01003  0.006587         0   0.01662        24       640    0.9924    0.9924    0.9967     0.916   0.03221   0.06124         0
     63/99     10.7G  0.009937  0.006474         0   0.01641        19       640    0.9925         1    0.9968     0.916   0.03333   0.06122         0
     64/99     10.7G   0.00991  0.006205         0   0.01611         6       640         1         1    0.9967    0.9053    0.0336   0.06259         0
     65/99     10.7G  0.009802  0.006428         0   0.01623        32       640         1         1    0.9968    0.9207   0.03278   0.06342         0
     66/99     10.7G  0.009862   0.00626         0   0.01612         9       640         1         1    0.9968    0.9218   0.03263   0.06244         0
     67/99     10.7G  0.009927  0.006408         0   0.01634        16       640    0.9925         1    0.9959    0.9126    0.0333   0.06235         0
     68/99     10.7G   0.00968  0.006362         0   0.01604        40       640    0.9925         1    0.9959    0.9187   0.03363   0.06105         0
     69/99     10.7G   0.01015  0.006705         0   0.01685        32       640         1         1    0.9968     0.919   0.03342   0.05975         0
     70/99     10.7G  0.009649   0.00676         0   0.01641        42       640         1         1    0.9969    0.9203   0.03383   0.06028         0
     71/99     10.7G  0.009559  0.005906         0   0.01546        22       640         1         1    0.9968    0.9136   0.03299   0.06338         0
     72/99     10.7G  0.009322  0.006224         0   0.01555        13       640         1         1    0.9968     0.919   0.03242   0.06226         0
     73/99     10.7G  0.009348  0.006238         0   0.01559        49       640         1         1    0.9969    0.9228   0.03251   0.06251         0
     74/99     10.7G  0.009618  0.006399         0   0.01602        62       640         1         1    0.9969    0.9197   0.03236    0.0637         0
     75/99     10.7G  0.009544  0.006022         0   0.01557        20       640    0.9925         1    0.9952    0.9105   0.03255   0.06407         0
     76/99     10.7G  0.009406  0.006279         0   0.01569        15       640         1         1    0.9969    0.9189   0.03178   0.06443         0
     77/99     10.7G  0.009494  0.006598         0   0.01609        53       640         1         1    0.9968    0.9189   0.03135   0.06514         0
     78/99     10.7G  0.009449  0.006428         0   0.01588        15       640         1         1    0.9969    0.9161   0.03211    0.0645         0
     79/99     10.7G   0.00937  0.006266         0   0.01564        29       640         1         1    0.9969    0.9221   0.03232   0.06406         0
     80/99     10.7G  0.009281  0.006135         0   0.01542        34       640         1         1    0.9968    0.9173   0.03264    0.0632         0
     81/99     10.7G  0.009444  0.006202         0   0.01565        20       640    0.9999         1    0.9968    0.9286   0.03236    0.0644         0
     82/99     10.7G  0.009348  0.006179         0   0.01553        10       640         1         1    0.9968    0.9228   0.03228   0.06423         0
     83/99     10.7G  0.008987  0.005915         0    0.0149        29       640         1         1    0.9969    0.9237   0.03253   0.06391         0
     84/99     10.7G  0.009086  0.006135         0   0.01522        42       640         1         1    0.9969    0.9218   0.03282    0.0641         0
     85/99     10.7G  0.009159  0.005966         0   0.01512        18       640         1         1    0.9969    0.9231   0.03302    0.0637         0
     86/99     10.7G  0.009407  0.006057         0   0.01546        43       640         1    0.9999    0.9969    0.9223   0.03357   0.06373         0
     87/99     10.7G  0.009385  0.006503         0   0.01589        24       640         1         1    0.9969    0.9244   0.03311   0.06355         0
     88/99     10.7G  0.009013  0.006157         0   0.01517         9       640         1         1    0.9969    0.9225    0.0325   0.06449         0
     89/99     10.7G  0.009181  0.006297         0   0.01548        44       640         1         1     0.997    0.9241   0.03249    0.0642         0
     90/99     10.7G  0.009095  0.006173         0   0.01527        44       640         1         1     0.997    0.9254   0.03186    0.0653         0
     91/99     10.7G  0.009161  0.006193         0   0.01535        25       640         1         1    0.9969    0.9208   0.03206   0.06496         0
     92/99     10.7G  0.009235  0.006343         0   0.01558        16       640         1         1    0.9969    0.9223   0.03254    0.0641         0
     93/99     10.7G  0.009338  0.005914         0   0.01525        32       640         1         1    0.9969    0.9218   0.03255   0.06366         0
     94/99     10.7G  0.008775  0.005592         0   0.01437         4       640         1         1    0.9969    0.9235    0.0321   0.06365         0
     95/99     10.7G  0.009101  0.006013         0   0.01511        12       640         1         1    0.9969    0.9228    0.0326   0.06396         0
     96/99     10.7G  0.009059  0.006046         0    0.0151        24       640         1         1    0.9969    0.9188   0.03252   0.06426         0
     97/99     10.7G  0.009073  0.006202         0   0.01527        44       640         1         1    0.9969    0.9249   0.03246   0.06429         0
     98/99     10.7G   0.00922  0.005895         0   0.01512         6       640         1         1     0.997    0.9217   0.03238   0.06392         0
     99/99     10.7G  0.008798  0.005885         0   0.01468        35       640         1         1    0.9969    0.9269   0.03254    0.0641         0
